240248255
250235215
000255255
127255212
240255255
245245220
255228196
000000000
255235205
000000255
138043226
165042042
222184135
095158160
127255000
210105030
255127080
100149237
255248220
220020060
000255255
000000139
000139139
184134011
169169169
000100000
169169169
189183107
139000139
085107047
255140000
153050204
139000000
233150122
143188143
072061139
047079079
047079079
000206209
148000211
255020147
000191255
105105105
105105105
030144255
178034034
255250240
034139034
255000255
220220220
248248255
255215000
218165032
128128128
000128000
173255047
128128128
240255240
255105180
205092092
075000130
255255240
240230140
230230250
255240245
124252000
255250205
173216230
240128128
224255255
250250210
211211211
144238144
211211211
255182193
255160122
032178170
135206250
119136153
119136153
176196222
255255224
000255000
050205050
250240230
255000255
128000000
102205170
000000205
186085211
147112219
060179113
123104238
000250154
072209204
199021133
025025112
245255250
255228225
255228181
255222173
000000128
253245230
128128000
107142035
255165000
255069000
218112214
238232170
152251152
175238238
219112147
255239213
255218185
205133063
255192203
221160221
176224230
128000128
255000000
188143143
065105225
139069019
250128114
244164096
046139087
255245238
160082045
192192192
135206235
106090205
112128144
112128144
255250250
000255127
070130180
210180140
000128128
216191216
255099071
064224208
238130238
245222179
255255255
245245245
255255000
154205050